7.423094310356745384e-03 0.000000000000000000e+00 0.000000000000000000e+00 0.000000000000000000e+00 0.000000000000000000e+00 0.000000000000000000e+00 0.000000000000000000e+00 4.707847819843877235e-02 0.000000000000000000e+00 2.726804400921344507e-03 1.727954747565502713e-01 1.639822737086827145e-02
0.000000000000000000e+00 2.401525317756420409e-03 0.000000000000000000e+00 5.603840727464105137e-02 3.878695240561772038e-03 5.078349860080638017e-02 0.000000000000000000e+00 7.264123109214724872e-02 4.568673661295476196e-02 4.348909224467539109e-02 0.000000000000000000e+00 6.986133951636239181e-02
3.445474538575520572e-03 0.000000000000000000e+00 0.000000000000000000e+00 0.000000000000000000e+00 0.000000000000000000e+00 0.000000000000000000e+00 0.000000000000000000e+00 1.270457478039762611e-01 0.000000000000000000e+00 5.650489562119825199e-02 0.000000000000000000e+00 0.000000000000000000e+00
0.000000000000000000e+00 1.324569247681845093e-02 0.000000000000000000e+00 3.723706653387332671e-02 0.000000000000000000e+00 2.876857532861037611e-02 0.000000000000000000e+00 0.000000000000000000e+00 1.509789662589109890e-02 5.505020444023136506e-01 0.000000000000000000e+00 0.000000000000000000e+00
0.000000000000000000e+00 7.993425383113003657e-02 0.000000000000000000e+00 0.000000000000000000e+00 0.000000000000000000e+00 0.000000000000000000e+00 7.464228178667443869e-02 0.000000000000000000e+00 0.000000000000000000e+00 1.956554484179726938e-01 3.848722119428672761e-02 0.000000000000000000e+00
0.000000000000000000e+00 0.000000000000000000e+00 3.183755850064811099e-01 0.000000000000000000e+00 3.762760555570247162e-02 2.129242595231592428e-02 7.402402323775805412e-03 1.479079252719745115e-02 0.000000000000000000e+00 1.061543175991494087e-01 0.000000000000000000e+00 4.047218802254614299e-03
0.000000000000000000e+00 0.000000000000000000e+00 0.000000000000000000e+00 0.000000000000000000e+00 3.853162841618711087e-02 0.000000000000000000e+00 0.000000000000000000e+00 0.000000000000000000e+00 0.000000000000000000e+00 0.000000000000000000e+00 3.312351277627656465e-02 1.057597234726717905e-01
0.000000000000000000e+00 0.000000000000000000e+00 0.000000000000000000e+00 0.000000000000000000e+00 1.599193127273393052e-03 1.052859713726897878e-01 2.625675082170111918e-03 0.000000000000000000e+00 0.000000000000000000e+00 0.000000000000000000e+00 5.785101440820209634e-02 0.000000000000000000e+00
1.495938080922082636e-01 0.000000000000000000e+00 0.000000000000000000e+00 0.000000000000000000e+00 4.732547011448866086e-04 0.000000000000000000e+00 0.000000000000000000e+00 0.000000000000000000e+00 0.000000000000000000e+00 0.000000000000000000e+00 2.784079817995227524e-02 0.000000000000000000e+00
0.000000000000000000e+00 0.000000000000000000e+00 0.000000000000000000e+00 0.000000000000000000e+00 5.093196475031476211e-01 1.182662807422706422e-02 1.722823299000573669e-02 0.000000000000000000e+00 0.000000000000000000e+00 0.000000000000000000e+00 3.030916801676036571e-03 0.000000000000000000e+00
8.687756814303464192e-02 0.000000000000000000e+00 2.623198675721234155e-04 0.000000000000000000e+00 0.000000000000000000e+00 2.305197182214766341e-02 9.863174327883812709e-03 0.000000000000000000e+00 2.283582849611531101e-02 0.000000000000000000e+00 0.000000000000000000e+00 4.800220092674378769e-02
0.000000000000000000e+00 2.694268895071706416e-01 1.146713830915661349e-02 2.772442800545033351e-02 0.000000000000000000e+00 0.000000000000000000e+00 0.000000000000000000e+00 4.393767675312571647e-02 2.605232992093921007e-01 0.000000000000000000e+00 0.000000000000000000e+00 0.000000000000000000e+00
0.000000000000000000e+00 5.884057063641655594e-01 0.000000000000000000e+00 0.000000000000000000e+00 8.356949329806745430e-02 0.000000000000000000e+00 1.569063440518209118e-02 5.572849687792489487e-02 0.000000000000000000e+00 0.000000000000000000e+00 3.916579259448996903e-02 1.367436457390302784e-01
5.762146022819740476e-02 2.732329312956604528e-01 4.050682775811268593e-02 2.272134994012349127e-02 0.000000000000000000e+00 1.268177972652493879e-01 1.177753148173412562e-01 0.000000000000000000e+00 1.622802852510561375e-02 0.000000000000000000e+00 2.274818511067977500e-02 0.000000000000000000e+00
5.491543292805685719e-03 2.874639559921624010e-01 0.000000000000000000e+00 3.015273405591186590e-02 4.367876892587543164e-02 4.613992065267490117e-03 1.381231044372962236e-01 2.463602619062878196e-02 0.000000000000000000e+00 3.574522021949588096e-02 1.330458386987706521e-01 0.000000000000000000e+00
0.000000000000000000e+00 0.000000000000000000e+00 3.803557162097748190e-02 0.000000000000000000e+00 0.000000000000000000e+00 0.000000000000000000e+00 3.867654732379249838e-01 5.369332146519351784e-02 5.037194307902139595e-02 0.000000000000000000e+00 0.000000000000000000e+00 4.361454527010717730e-02
1.498287476759224517e-02 3.384111994552342628e-02 0.000000000000000000e+00 3.756261504400972007e-02 0.000000000000000000e+00 5.560565007374373980e-02 1.059292025431997492e-01 0.000000000000000000e+00 0.000000000000000000e+00 0.000000000000000000e+00 1.083398022679875165e-02 1.297523586463517065e-02
0.000000000000000000e+00 0.000000000000000000e+00 0.000000000000000000e+00 1.134340842787890866e-02 0.000000000000000000e+00 0.000000000000000000e+00 1.607195046192661653e-02 0.000000000000000000e+00 2.108961481872771021e-02 4.785847840745387216e-02 3.371886089268747583e-02 4.696595673340343141e-02
9.354681388139123310e-01 0.000000000000000000e+00 0.000000000000000000e+00 4.502364617250700918e-02 2.485553562392771310e-02 0.000000000000000000e+00 0.000000000000000000e+00 6.006975681367577452e-02 5.289124541703608962e-02 1.474046105306220655e-01 1.131968180513432710e-02 5.152264527704927821e-02
0.000000000000000000e+00 0.000000000000000000e+00 0.000000000000000000e+00 0.000000000000000000e+00 0.000000000000000000e+00 0.000000000000000000e+00 2.325144569897667074e-02 1.874617773966687495e-01 2.186208888008107226e-02 5.184026238328328651e-01 4.870514735356774871e-02 4.933306018463789328e-02
0.000000000000000000e+00 0.000000000000000000e+00 0.000000000000000000e+00 0.000000000000000000e+00 0.000000000000000000e+00 0.000000000000000000e+00 0.000000000000000000e+00 3.799156816102997741e-02 0.000000000000000000e+00 9.648747801743441654e-02 0.000000000000000000e+00 0.000000000000000000e+00
0.000000000000000000e+00 0.000000000000000000e+00 4.193849234329259656e-02 1.041064829764111639e-02 0.000000000000000000e+00 4.395640887553205894e-02 0.000000000000000000e+00 0.000000000000000000e+00 3.837850170760979118e-01 6.322961718510954066e-02 4.484239545525935816e-02 0.000000000000000000e+00
0.000000000000000000e+00 0.000000000000000000e+00 2.816557219806646584e-02 6.728416700416742224e-02 0.000000000000000000e+00 1.931195272707433505e-02 0.000000000000000000e+00 0.000000000000000000e+00 0.000000000000000000e+00 0.000000000000000000e+00 2.028837253134132754e-02 4.423389914269416218e-02
8.213811906464814350e-02 1.010114248928642017e-01 0.000000000000000000e+00 0.000000000000000000e+00 0.000000000000000000e+00 7.045900493229981243e-02 3.911746976451620922e-02 3.133720439783765216e-02 1.203158221973405981e-02 0.000000000000000000e+00 0.000000000000000000e+00 0.000000000000000000e+00
1.222577594342402485e-01 0.000000000000000000e+00 0.000000000000000000e+00 0.000000000000000000e+00 0.000000000000000000e+00 8.038987995082762239e-02 0.000000000000000000e+00 6.011468216096578221e-01 0.000000000000000000e+00 0.000000000000000000e+00 1.460788910711667901e-02 0.000000000000000000e+00
9.282656037978176400e-03 6.831162318654018101e-03 2.443406621236825834e-03 0.000000000000000000e+00 0.000000000000000000e+00 3.096730088609350173e-01 0.000000000000000000e+00 0.000000000000000000e+00 0.000000000000000000e+00 0.000000000000000000e+00 0.000000000000000000e+00 0.000000000000000000e+00
2.055262894699194307e-02 0.000000000000000000e+00 8.128663467683952537e-02 0.000000000000000000e+00 0.000000000000000000e+00 5.742767807376236364e-03 0.000000000000000000e+00 0.000000000000000000e+00 1.360270826468296460e-02 3.412302043210082431e-02 1.204569918428509273e-01 0.000000000000000000e+00
0.000000000000000000e+00 0.000000000000000000e+00 0.000000000000000000e+00 2.278401892859629740e-01 4.885605909057084278e-02 9.752182799697108745e-03 0.000000000000000000e+00 0.000000000000000000e+00 0.000000000000000000e+00 2.054508521107059496e-04 2.107228070724330438e-01 0.000000000000000000e+00
1.551747212554826193e-02 0.000000000000000000e+00 0.000000000000000000e+00 0.000000000000000000e+00 0.000000000000000000e+00 1.806167905627876699e-02 1.403639789806735566e-02 4.069095281677632264e-02 0.000000000000000000e+00 0.000000000000000000e+00 9.502097212624574518e-02 0.000000000000000000e+00
0.000000000000000000e+00 2.961880065298135023e-03 0.000000000000000000e+00 5.179736336477244046e-02 0.000000000000000000e+00 0.000000000000000000e+00 0.000000000000000000e+00 0.000000000000000000e+00 0.000000000000000000e+00 0.000000000000000000e+00 0.000000000000000000e+00 0.000000000000000000e+00
0.000000000000000000e+00 0.000000000000000000e+00 5.766297480345151938e-02 9.364088630717194717e-02 0.000000000000000000e+00 0.000000000000000000e+00 0.000000000000000000e+00 6.607051984744181927e-02 8.995746550387358209e-02 4.586414378111475926e-02 0.000000000000000000e+00 2.001942096205892798e-04
9.345761149421606337e-03 0.000000000000000000e+00 4.401319978556680890e-01 0.000000000000000000e+00 5.541428057739868074e-02 0.000000000000000000e+00 1.547546334706253936e-03 0.000000000000000000e+00 3.203472389137582838e-02 0.000000000000000000e+00 2.374300080616751490e-02 1.986302966815177776e-02
1.401157270951648715e-02 0.000000000000000000e+00 4.789985535373044168e-01 0.000000000000000000e+00 4.624112954148164312e-02 4.488345058606192650e-02 0.000000000000000000e+00 2.179488861102614819e-02 0.000000000000000000e+00 0.000000000000000000e+00 0.000000000000000000e+00 3.500859588008990025e-02
0.000000000000000000e+00 2.996264865807592506e-03 0.000000000000000000e+00 0.000000000000000000e+00 0.000000000000000000e+00 0.000000000000000000e+00 0.000000000000000000e+00 1.469538334346368914e-02 0.000000000000000000e+00 0.000000000000000000e+00 1.427539420866451303e-01 7.430115801560846500e-02
0.000000000000000000e+00 6.543348202420122377e-03 3.097372866914537698e-02 4.243610591803712896e-03 0.000000000000000000e+00 0.000000000000000000e+00 0.000000000000000000e+00 0.000000000000000000e+00 0.000000000000000000e+00 3.052936537553141080e-02 1.319442449886704160e-03 0.000000000000000000e+00
0.000000000000000000e+00 6.449926691454349603e-02 0.000000000000000000e+00 5.293260152114973027e-02 2.038870133390960696e-02 7.655676562970574472e-02 5.868547350889390460e-03 2.474314141544929971e-02 0.000000000000000000e+00 0.000000000000000000e+00 2.132392579920518727e-01 1.514788305723631032e-02
3.059675968088735806e-02 0.000000000000000000e+00 1.822660821796745923e-03 7.974497495006326042e-02 0.000000000000000000e+00 0.000000000000000000e+00 0.000000000000000000e+00 0.000000000000000000e+00 2.114677482659418628e-01 0.000000000000000000e+00 0.000000000000000000e+00 0.000000000000000000e+00
0.000000000000000000e+00 0.000000000000000000e+00 0.000000000000000000e+00 4.474831949739611209e-02 0.000000000000000000e+00 0.000000000000000000e+00 0.000000000000000000e+00 1.803052382217947697e-02 1.541371644880032421e-01 0.000000000000000000e+00 0.000000000000000000e+00 0.000000000000000000e+00
0.000000000000000000e+00 5.710712367000799622e-02 4.080112505881697271e-02 2.226180299118890593e-02 0.000000000000000000e+00 0.000000000000000000e+00 0.000000000000000000e+00 0.000000000000000000e+00 5.915480198978199933e-02 2.826332387608611330e-02 1.276904539040647941e-02 1.252445312466416230e-02
0.000000000000000000e+00 0.000000000000000000e+00 2.331097103766828146e-02 1.378818116264907967e-01 0.000000000000000000e+00 0.000000000000000000e+00 0.000000000000000000e+00 3.674078359242010598e-03 4.821568604037284461e-02 0.000000000000000000e+00 0.000000000000000000e+00 0.000000000000000000e+00
2.644701824542228935e-02 0.000000000000000000e+00 4.654972457775857775e-02 0.000000000000000000e+00 0.000000000000000000e+00 0.000000000000000000e+00 0.000000000000000000e+00 1.366908814302744135e-01 4.273534048788256712e-01 0.000000000000000000e+00 4.943669657780122573e-02 0.000000000000000000e+00
1.544657764146799978e-02 5.614467732690561069e-02 0.000000000000000000e+00 0.000000000000000000e+00 0.000000000000000000e+00 0.000000000000000000e+00 0.000000000000000000e+00 8.817712776122488879e-04 0.000000000000000000e+00 0.000000000000000000e+00 1.318256568702100007e-01 0.000000000000000000e+00
0.000000000000000000e+00 2.048428690946036638e-03 0.000000000000000000e+00 0.000000000000000000e+00 5.519572163890837033e-03 4.198611211969480866e-02 1.109097010357324026e-01 0.000000000000000000e+00 0.000000000000000000e+00 2.407374176350226842e-03 5.643408719139324237e-02 1.281753732616762800e-02
6.541510416162987784e-02 1.903882186154729275e-02 3.858367505928670949e-01 4.620114542845381311e-02 0.000000000000000000e+00 9.421135324958888890e-02 0.000000000000000000e+00 1.836944590970653393e-02 0.000000000000000000e+00 2.355291108580054305e-02 1.349948791189595210e-02 1.337622172304122042e-03
1.316907145747730698e-02 0.000000000000000000e+00 0.000000000000000000e+00 6.744976694649192084e-03 2.017580113586804960e-02 2.315021503053414642e-02 1.265922964582573695e-01 0.000000000000000000e+00 3.807510109244841533e-03 4.869275389079938399e-02 2.012970101568449174e-02 0.000000000000000000e+00
0.000000000000000000e+00 1.748365287223297912e-02 3.897962710346677406e-01 7.190694985295470465e-02 0.000000000000000000e+00 6.351829207635756314e-02 0.000000000000000000e+00 2.331110189320394557e-02 0.000000000000000000e+00 0.000000000000000000e+00 2.133386622478698064e-02 0.000000000000000000e+00
0.000000000000000000e+00 0.000000000000000000e+00 2.245433112776033853e-05 6.440888772721835298e-02 0.000000000000000000e+00 2.205839276621484116e-02 0.000000000000000000e+00 1.354811843844598296e-01 0.000000000000000000e+00 6.999377112429697699e-05 0.000000000000000000e+00 0.000000000000000000e+00
0.000000000000000000e+00 1.768918487981438123e-02 8.739203178593094382e-03 2.172972313386930393e-02 0.000000000000000000e+00 1.137348872347642738e-02 0.000000000000000000e+00 1.392860047349857473e-02 0.000000000000000000e+00 0.000000000000000000e+00 7.904521139405888686e-02 7.157985676586753158e-03
0.000000000000000000e+00 0.000000000000000000e+00 0.000000000000000000e+00 0.000000000000000000e+00 2.375619857307589289e-01 0.000000000000000000e+00 4.269659303059483019e-02 0.000000000000000000e+00 7.857993885468464446e-02 1.847630467011112179e-02 3.194471514575111804e-02 4.510140313755480190e-01
6.422227657580470948e-03 0.000000000000000000e+00 5.980427170749607127e-03 0.000000000000000000e+00 0.000000000000000000e+00 4.317475077629887026e-02 5.120739335315900934e-03 0.000000000000000000e+00 0.000000000000000000e+00 0.000000000000000000e+00 1.918054724632541064e-01 0.000000000000000000e+00
0.000000000000000000e+00 0.000000000000000000e+00 0.000000000000000000e+00 0.000000000000000000e+00 0.000000000000000000e+00 0.000000000000000000e+00 0.000000000000000000e+00 0.000000000000000000e+00 0.000000000000000000e+00 1.312482086178627105e-01 0.000000000000000000e+00 0.000000000000000000e+00
4.867460182945993960e-03 0.000000000000000000e+00 0.000000000000000000e+00 0.000000000000000000e+00 0.000000000000000000e+00 4.057499861597454842e-03 0.000000000000000000e+00 1.690013702519509858e-02 0.000000000000000000e+00 0.000000000000000000e+00 0.000000000000000000e+00 0.000000000000000000e+00
5.274850464897678365e-02 5.236767408451546008e-02 8.330863079554935713e-02 3.893751347127590544e-03 0.000000000000000000e+00 7.800026433050051555e-02 1.556351562130286852e-02 3.690680829262452112e-03 0.000000000000000000e+00 8.244207424268115703e-02 1.207091251729404575e-02 0.000000000000000000e+00
3.717603484052830337e-02 0.000000000000000000e+00 0.000000000000000000e+00 0.000000000000000000e+00 3.111338450943311462e-02 5.318236403661505407e-02 1.145240584160342051e-01 3.190034944268147193e-03 1.045121104665826424e-02 0.000000000000000000e+00 0.000000000000000000e+00 0.000000000000000000e+00
6.417205644041383550e-02 0.000000000000000000e+00 0.000000000000000000e+00 1.586955296741135446e-02 0.000000000000000000e+00 1.808551714644788255e-01 0.000000000000000000e+00 0.000000000000000000e+00 0.000000000000000000e+00 0.000000000000000000e+00 0.000000000000000000e+00 2.331935624225719636e-02
0.000000000000000000e+00 0.000000000000000000e+00 0.000000000000000000e+00 3.129252952685711991e-02 1.606340268788813419e-01 0.000000000000000000e+00 3.624692462861959369e-02 1.002677756444335933e-01 4.735174170270576438e-02 0.000000000000000000e+00 0.000000000000000000e+00 5.288088838891805699e-01
2.520474265575540010e-02 0.000000000000000000e+00 0.000000000000000000e+00 0.000000000000000000e+00 1.383539239086370165e-01 2.115780437948449472e-03 6.068313133878603521e-02 0.000000000000000000e+00 0.000000000000000000e+00 1.485136258097900230e-01 1.694467305417526881e-02 4.255224924971473532e-01
3.241000970168855799e-03 4.976638114567243087e-02 0.000000000000000000e+00 2.795146575902049749e-02 3.386845351038374197e-02 0.000000000000000000e+00 6.409823677871404057e-02 0.000000000000000000e+00 3.616607928617129788e-03 5.552093022386296942e-03 0.000000000000000000e+00 1.506074048492501427e-01
0.000000000000000000e+00 0.000000000000000000e+00 0.000000000000000000e+00 1.152148896187499098e-02 0.000000000000000000e+00 3.819763920928628265e-01 0.000000000000000000e+00 5.156275893721690151e-02 2.391119427917873588e-02 3.902720048532793383e-03 0.000000000000000000e+00 9.888880391481294496e-02
1.531869994489413848e-02 0.000000000000000000e+00 0.000000000000000000e+00 0.000000000000000000e+00 0.000000000000000000e+00 0.000000000000000000e+00 0.000000000000000000e+00 4.394880104979536663e-03 6.279315250577949259e-02 3.463265587598196582e-02 6.895290943200195199e-01 5.812629637972194230e-02
9.537087548583605967e-02 0.000000000000000000e+00 0.000000000000000000e+00 1.639084310602268585e-02 0.000000000000000000e+00 0.000000000000000000e+00 0.000000000000000000e+00 4.074909141488940179e-02 0.000000000000000000e+00 0.000000000000000000e+00 3.914759423099097718e-02 0.000000000000000000e+00
0.000000000000000000e+00 0.000000000000000000e+00 0.000000000000000000e+00 6.661616438456745282e-03 2.540230329973606257e-03 5.509542678448734465e-01 0.000000000000000000e+00 1.625430427137398645e-02 2.104514367163356627e-05 8.477955170740443525e-02 5.355588068028477311e-02 0.000000000000000000e+00
0.000000000000000000e+00 1.236635948637187545e-02 0.000000000000000000e+00 0.000000000000000000e+00 0.000000000000000000e+00 3.218962010380009564e-02 0.000000000000000000e+00 4.459468204680826220e-02 0.000000000000000000e+00 0.000000000000000000e+00 0.000000000000000000e+00 1.495946342414709168e-03
0.000000000000000000e+00 0.000000000000000000e+00 0.000000000000000000e+00 0.000000000000000000e+00 0.000000000000000000e+00 0.000000000000000000e+00 0.000000000000000000e+00 6.437565037060126727e-01 0.000000000000000000e+00 0.000000000000000000e+00 2.114546679462587717e-02 2.526983372161317742e-02
9.806882370268872259e-04 0.000000000000000000e+00 0.000000000000000000e+00 0.000000000000000000e+00 1.645505691031748652e-01 1.095422236595136739e-01 5.618284549142302242e-02 2.101661099294897458e-02 7.490479370483940635e-02 0.000000000000000000e+00 8.546070897726453300e-03 4.760162412123898901e-01
0.000000000000000000e+00 0.000000000000000000e+00 6.132291725242198371e-02 0.000000000000000000e+00 0.000000000000000000e+00 7.936272591171496249e-02 0.000000000000000000e+00 0.000000000000000000e+00 6.184785794962445182e-01 3.144159968766753466e-02 5.756257932185149945e-02 0.000000000000000000e+00
2.400866975467777845e-02 0.000000000000000000e+00 0.000000000000000000e+00 0.000000000000000000e+00 0.000000000000000000e+00 0.000000000000000000e+00 0.000000000000000000e+00 0.000000000000000000e+00 0.000000000000000000e+00 0.000000000000000000e+00 0.000000000000000000e+00 2.135092751119143165e-02
0.000000000000000000e+00 0.000000000000000000e+00 0.000000000000000000e+00 7.653152696431266000e-02 0.000000000000000000e+00 4.310637297543144092e-02 0.000000000000000000e+00 2.650133967311397998e-02 0.000000000000000000e+00 1.444061965045079221e-01 0.000000000000000000e+00 0.000000000000000000e+00
0.000000000000000000e+00 3.643201149648783374e-03 0.000000000000000000e+00 1.616694202778615752e-01 0.000000000000000000e+00 0.000000000000000000e+00 1.467767993995142128e-02 0.000000000000000000e+00 0.000000000000000000e+00 0.000000000000000000e+00 0.000000000000000000e+00 0.000000000000000000e+00
4.109742799430141091e-02 0.000000000000000000e+00 3.685794560628672528e-02 0.000000000000000000e+00 0.000000000000000000e+00 3.657514218120620775e-02 5.868589208196171025e-01 4.561194933172895566e-02 0.000000000000000000e+00 2.172141026799106339e-02 0.000000000000000000e+00 0.000000000000000000e+00
3.218454936203398592e-02 0.000000000000000000e+00 4.890595319955127335e-02 2.307601786482935124e-02 0.000000000000000000e+00 1.084144361572814130e-02 5.478596970893032658e-01 0.000000000000000000e+00 0.000000000000000000e+00 0.000000000000000000e+00 1.458206388901308291e-02 0.000000000000000000e+00
0.000000000000000000e+00 0.000000000000000000e+00 0.000000000000000000e+00 0.000000000000000000e+00 0.000000000000000000e+00 0.000000000000000000e+00 2.537382278720687681e-02 0.000000000000000000e+00 0.000000000000000000e+00 0.000000000000000000e+00 9.604779941047256187e-02 0.000000000000000000e+00
7.377103217673262880e-02 0.000000000000000000e+00 0.000000000000000000e+00 1.352275447095327987e-01 0.000000000000000000e+00 0.000000000000000000e+00 0.000000000000000000e+00 0.000000000000000000e+00 0.000000000000000000e+00 1.207312686568927929e-01 0.000000000000000000e+00 0.000000000000000000e+00
7.471497642432126107e-02 4.591580198887493802e-01 0.000000000000000000e+00 2.449571982084820104e-02 8.313773925400856635e-02 4.484834779682066869e-02 0.000000000000000000e+00 0.000000000000000000e+00 0.000000000000000000e+00 9.280524475284215868e-02 0.000000000000000000e+00 5.000863977122622928e-02
7.635845479427348127e-03 5.754435890119604519e-02 0.000000000000000000e+00 0.000000000000000000e+00 2.060338611638077022e-01 1.325625928769967382e-03 0.000000000000000000e+00 2.195328336085300078e-02 1.950089694201178614e-01 0.000000000000000000e+00 8.873714011187881778e-03 0.000000000000000000e+00
0.000000000000000000e+00 4.079977900288356274e-01 1.646284424243453504e-02 0.000000000000000000e+00 0.000000000000000000e+00 0.000000000000000000e+00 2.527084273972537987e-01 2.904702687714719872e-02 1.457019636455373635e-01 3.407842970737702537e-02 0.000000000000000000e+00 0.000000000000000000e+00
0.000000000000000000e+00 0.000000000000000000e+00 0.000000000000000000e+00 0.000000000000000000e+00 0.000000000000000000e+00 0.000000000000000000e+00 0.000000000000000000e+00 8.709917361767377519e-03 1.018305507532009657e-01 0.000000000000000000e+00 6.002451503571033797e-02 0.000000000000000000e+00
0.000000000000000000e+00 0.000000000000000000e+00 0.000000000000000000e+00 0.000000000000000000e+00 0.000000000000000000e+00 6.464791013866585945e-03 0.000000000000000000e+00 1.320989632785515150e-02 0.000000000000000000e+00 0.000000000000000000e+00 3.357286122510187987e-01 2.954339429502610484e-02
0.000000000000000000e+00 7.060667251015166623e-02 1.777384556596285289e-02 1.233371143543324083e-01 0.000000000000000000e+00 0.000000000000000000e+00 0.000000000000000000e+00 2.953079589587035217e-02 0.000000000000000000e+00 0.000000000000000000e+00 1.276106955476626059e-02 0.000000000000000000e+00
2.196951867797075977e-02 1.381838964781893428e-02 0.000000000000000000e+00 9.115051130154665573e-03 1.073881872793391347e-02 5.336723511738699841e-03 0.000000000000000000e+00 2.462960059980267777e-02 0.000000000000000000e+00 0.000000000000000000e+00 0.000000000000000000e+00 8.108267965893439788e-02
0.000000000000000000e+00 0.000000000000000000e+00 1.094948209646901330e-02 2.576227832718420985e-02 0.000000000000000000e+00 0.000000000000000000e+00 0.000000000000000000e+00 3.184420399528949119e-02 3.234210424456807065e-02 0.000000000000000000e+00 0.000000000000000000e+00 0.000000000000000000e+00
1.407976029862701393e-02 0.000000000000000000e+00 0.000000000000000000e+00 0.000000000000000000e+00 0.000000000000000000e+00 0.000000000000000000e+00 8.905485141861953224e-02 0.000000000000000000e+00 6.643339552255245195e-02 4.713217964388546205e-02 4.195400754477823790e-02 0.000000000000000000e+00
4.949096706258203360e-02 0.000000000000000000e+00 0.000000000000000000e+00 0.000000000000000000e+00 0.000000000000000000e+00 5.372908541770093915e-01 0.000000000000000000e+00 2.248174936857806339e-01 0.000000000000000000e+00 0.000000000000000000e+00 4.398340628904477689e-03 0.000000000000000000e+00
1.020710190021650171e-02 0.000000000000000000e+00 0.000000000000000000e+00 8.157748495401051514e-01 5.047420391148074725e-02 2.258556062114366533e-02 1.518507760294975639e-01 2.273220674234702199e-03 8.248305655118641500e-02 0.000000000000000000e+00 2.428325377918954531e-01 2.975730004493747430e-02
9.693813509050333913e-03 0.000000000000000000e+00 3.706083422827710638e-01 0.000000000000000000e+00 3.124263485483359110e-02 0.000000000000000000e+00 0.000000000000000000e+00 0.000000000000000000e+00 0.000000000000000000e+00 0.000000000000000000e+00 0.000000000000000000e+00 3.656733731981943493e-03
0.000000000000000000e+00 0.000000000000000000e+00 0.000000000000000000e+00 0.000000000000000000e+00 2.506969659667278305e-02 0.000000000000000000e+00 1.456257869261364316e-02 6.691825564258833958e-02 3.590974115191655769e-02 1.922029666444776547e-02 1.025194674319546834e-01 0.000000000000000000e+00
9.800404690118394435e-02 0.000000000000000000e+00 0.000000000000000000e+00 0.000000000000000000e+00 0.000000000000000000e+00 4.628364197890613707e-02 0.000000000000000000e+00 0.000000000000000000e+00 0.000000000000000000e+00 8.838309113121893545e-02 3.681860712507409317e-02 0.000000000000000000e+00
0.000000000000000000e+00 0.000000000000000000e+00 0.000000000000000000e+00 0.000000000000000000e+00 0.000000000000000000e+00 4.077568668192010914e-02 0.000000000000000000e+00 4.132706825285746739e-03 4.910576220881545523e-03 1.718268620489147441e-02 0.000000000000000000e+00 2.789202512222435301e-02
3.337982743938651409e-02 0.000000000000000000e+00 0.000000000000000000e+00 9.045963049238565923e-02 1.914261072373119651e-03 6.667211645883140692e-02 0.000000000000000000e+00 0.000000000000000000e+00 0.000000000000000000e+00 5.816951690728945634e-02 6.756056104809449181e-02 0.000000000000000000e+00
0.000000000000000000e+00 0.000000000000000000e+00 0.000000000000000000e+00 0.000000000000000000e+00 0.000000000000000000e+00 0.000000000000000000e+00 3.189447309068414033e-02 5.317318098515733116e-02 0.000000000000000000e+00 0.000000000000000000e+00 0.000000000000000000e+00 0.000000000000000000e+00
4.251045733653514153e-02 0.000000000000000000e+00 0.000000000000000000e+00 8.049003032916401696e-04 7.222986552744187216e-01 0.000000000000000000e+00 0.000000000000000000e+00 6.014767705307094703e-02 0.000000000000000000e+00 6.839045640817087435e-02 0.000000000000000000e+00 0.000000000000000000e+00
0.000000000000000000e+00 5.467672615435997113e-02 0.000000000000000000e+00 6.050944169992668320e-02 0.000000000000000000e+00 0.000000000000000000e+00 0.000000000000000000e+00 5.230612097760958812e-02 0.000000000000000000e+00 0.000000000000000000e+00 0.000000000000000000e+00 0.000000000000000000e+00
3.119851781729785639e-02 5.758414381128611204e-03 0.000000000000000000e+00 2.326901518868839669e-01 5.447359937464578417e-02 1.426767434580636026e-02 0.000000000000000000e+00 0.000000000000000000e+00 0.000000000000000000e+00 1.703776319046076265e-02 0.000000000000000000e+00 5.499506966928131152e-02
0.000000000000000000e+00 4.252129226767857421e-03 0.000000000000000000e+00 1.765544040344677046e-01 5.038229131102892402e-03 0.000000000000000000e+00 6.327741480663693317e-03 2.447686486064691927e-02 0.000000000000000000e+00 2.149572670415196007e-01 0.000000000000000000e+00 3.970129077504709440e-03
0.000000000000000000e+00 0.000000000000000000e+00 0.000000000000000000e+00 2.221289127904033101e-02 0.000000000000000000e+00 1.221744417907278009e-02 0.000000000000000000e+00 0.000000000000000000e+00 0.000000000000000000e+00 3.362149824245228569e-01 3.070057543915694076e-02 0.000000000000000000e+00
1.117276797917616527e-01 0.000000000000000000e+00 1.425831722974300886e-02 0.000000000000000000e+00 0.000000000000000000e+00 0.000000000000000000e+00 0.000000000000000000e+00 0.000000000000000000e+00 0.000000000000000000e+00 0.000000000000000000e+00 0.000000000000000000e+00 0.000000000000000000e+00
0.000000000000000000e+00 0.000000000000000000e+00 1.064868534303486589e-02 0.000000000000000000e+00 0.000000000000000000e+00 1.990539600430199149e-04 0.000000000000000000e+00 3.235437223166857945e-02 0.000000000000000000e+00 1.812408496931172674e-02 2.139091699816368375e-01 2.591729354516809219e-02
7.492565916241076575e-03 0.000000000000000000e+00 0.000000000000000000e+00 1.434038291078070793e-01 0.000000000000000000e+00 1.124549808605961737e-02 0.000000000000000000e+00 0.000000000000000000e+00 0.000000000000000000e+00 0.000000000000000000e+00 0.000000000000000000e+00 0.000000000000000000e+00
1.421974895329649463e-02 0.000000000000000000e+00 0.000000000000000000e+00 4.166297123150121406e-02 1.731583926394520898e-02 0.000000000000000000e+00 8.480536842884245363e-03 0.000000000000000000e+00 0.000000000000000000e+00 1.812406488204252805e-02 0.000000000000000000e+00 0.000000000000000000e+00
0.000000000000000000e+00 1.043337948819395705e-02 0.000000000000000000e+00 2.245149844425486582e-02 0.000000000000000000e+00 0.000000000000000000e+00 0.000000000000000000e+00 6.462858167972271306e-02 3.085719477600121566e-02 0.000000000000000000e+00 2.588297342172067236e-02 0.000000000000000000e+00
4.700000333851925456e-04 0.000000000000000000e+00 0.000000000000000000e+00 0.000000000000000000e+00 1.024513207622368277e-01 1.650262250937707328e-02 0.000000000000000000e+00 0.000000000000000000e+00 8.522602391851701042e-02 1.120596874798850812e-01 0.000000000000000000e+00 0.000000000000000000e+00
0.000000000000000000e+00 0.000000000000000000e+00 2.617854027914261542e-02 0.000000000000000000e+00 0.000000000000000000e+00 1.032532893378128487e-02 0.000000000000000000e+00 1.016599434861419626e-01 0.000000000000000000e+00 1.843857614550637736e-01 0.000000000000000000e+00 5.946845796533457330e-03
0.000000000000000000e+00 0.000000000000000000e+00 0.000000000000000000e+00 3.349174804570507341e-02 0.000000000000000000e+00 1.144329570219701497e-01 0.000000000000000000e+00 0.000000000000000000e+00 1.283928244206302138e-01 2.174063834484315800e-03 0.000000000000000000e+00 0.000000000000000000e+00
0.000000000000000000e+00 0.000000000000000000e+00 0.000000000000000000e+00 1.487934883486862481e-01 0.000000000000000000e+00 4.811462470189639684e-02 2.391173319206272869e-03 1.543563345927118774e-02 0.000000000000000000e+00 0.000000000000000000e+00 0.000000000000000000e+00 3.723248322490681477e-03
